$ 1 0.0000028344671201999996 382.76258214399064 59 1 43 5e-11
s 128 -288 128 -352 0 0 false
R 368 -656 368 -688 0 0 40 18 0 0 0.5
162 160 -320 160 -256 2 default-led 1 0 0 0.01
r 160 -384 160 -320 0 2700
r 208 -256 208 -192 0 610
g 208 -192 208 -160 0 0
w 160 -256 208 -256 0
r 208 -256 208 -320 0 1000
r 208 -320 288 -320 0 3000
r 208 -256 224 -256 0 0.000001
d 288 -352 208 -352 2 default
d 432 -304 432 -352 2 default
c 256 -256 256 -192 0 1e-7 4.999999999999829 0.001
g 368 -304 368 -288 0 0
x 442 -313 453 -310 4 10 d4
x 265 -362 276 -359 4 10 d3
x 215 -329 233 -326 4 10 R73
x 173 -286 191 -283 4 10 R72
x 212 -243 230 -240 4 10 R71
x 222 -204 240 -201 4 10 R74
w 256 -256 320 -256 0
207 320 -256 352 -256 4 Standby_Amp
x 67 -314 105 -311 4 10 TempSw
w 160 -384 128 -352 0
w 128 -288 160 -256 0
207 432 -352 464 -352 4 Mute_Amp
d 320 -192 320 -256 2 default
w 256 -256 224 -256 0
g 256 -192 256 -160 0 0
w 288 -352 288 -320 0
w 208 -352 208 -320 0
w 432 -352 368 -352 0
w 368 -304 432 -304 0
w 368 -352 288 -352 0
c 368 -352 368 -304 0 1e-7 4.999319297229091 0.001
w 320 -192 256 -192 0
d 368 -640 368 -592 2 default
x 373 -630 400 -627 4 10 d2000
d 448 -592 448 -640 2 default
g 112 -512 112 -480 0 0
207 160 -384 160 -432 4 DSUB_P7
207 368 -592 368 -560 4 DSUB_P14
207 448 -592 448 -560 4 DSUB_P15
207 192 -592 192 -560 4 DSUB_P13
207 192 -592 192 -624 4 PGND
207 112 -592 144 -592 4 DGND
207 112 -592 112 -560 4 DSUB_P11
207 208 -512 208 -480 4 DSUB_P12
w 112 -512 208 -512 0
207 288 -512 288 -480 4 DSUB_P6
w 288 -512 208 -512 0
R 48 -384 48 -432 0 0 40 5 0 0 0.5
s 48 -384 160 -384 0 0 false
207 32 -592 32 -560 4 DSUB_P10
207 32 -592 64 -592 4 VDIG
R 448 -656 448 -688 0 0 40 -18 0 0 0.5
x 461 -634 488 -631 4 10 d2001
d 1008 560 960 560 2 default
207 368 -656 400 -656 4 VREGDD
w 368 -656 368 -640 0
207 448 -656 480 -656 4 VREGSS
w 448 -656 448 -640 0
207 960 560 928 560 4 VREGSS
r 1008 560 1088 560 0 100
x 1036 582 1054 585 4 10 R69
g 1088 608 1088 624 0 0
x 175 -635 209 -632 4 10 Unused
x 80 -652 168 -649 4 10 White\sWire\sinto\sSub
x -18 -687 59 -671 4 10 VReg\sdown\sfrom\s\\n\s\p18V\sBlue\swire
v 112 -624 64 -624 0 0 40 8 0 0 0.5
w 64 -624 32 -624 0
w 32 -624 32 -592 0
w 112 -624 112 -592 0
368 32 -624 32 -656 0 0
w 1088 528 1088 560 0
r 1008 384 1088 384 0 100
w 1088 432 1088 464 0
d 960 384 1008 384 2 default
207 960 384 928 384 4 VREGDD
g 1120 432 1120 448 0 0
w 1088 384 1088 432 0
w 1120 384 1088 384 0
w 1024 512 848 512 0
w 1024 480 864 480 0
r 848 512 848 592 0 20000
g 848 592 848 624 0 0
c 1120 384 1120 432 0 1e-7 17.999999999909697 0.001
c 1088 560 1088 608 0 1e-7 -17.999999999909697 0.001
c 800 512 848 512 0 1e-7 -0.000011363437991702427 0.001
r 752 512 752 592 0 5620
g 752 592 752 624 0 0
c 752 512 800 512 0 1e-7 0.000011363437991706972 0.001
r 800 512 800 592 0 1400
r 800 512 800 432 0 14000
x 859 572 877 575 4 10 R25
x 811 571 829 574 4 10 R20
x 762 576 780 579 4 10 R28
x 817 536 835 539 4 10 C14
x 769 534 787 537 4 10 C13
c 800 656 800 592 0 1e-7 0.00010227094193108004 0.001
x 807 602 834 605 4 10 c3001
r 928 336 1008 336 0 2000
w 1008 336 1184 336 0
w 1184 336 1184 496 0
w 1184 496 1152 496 0
w 928 336 864 336 0
w 864 336 864 480 0
x 964 359 982 362 4 10 R27
r 832 384 832 336 0 2000
g 832 384 832 400 0 0
w 832 336 864 336 0
c 624 336 688 336 0 1.0000000000000001e-7 1.9530546884610755e-15 0.001
r 624 384 688 384 0 1560
r 688 336 752 336 0 18000
w 688 336 688 384 0
x 652 406 670 409 4 10 R24
x 667 347 685 350 4 10 C12
x 709 355 738 358 4 10 R3001
c 624 336 624 384 0 1e-7 1.951401280148035e-15 0.001
x 595 373 613 376 4 10 C15
r 560 336 624 336 0 1020
x 605 349 623 352 4 10 R23
207 1776 -400 1824 -400 4 SUB_AMP
r 1568 -416 1648 -416 0 100
x 1599 -440 1617 -437 4 10 R55
207 1088 384 1088 352 4 \p
207 1088 560 1120 560 4 -
r 1488 -416 1568 -416 0 49900
x 1491 -424 1509 -421 4 10 R49
c 1488 -416 1488 -384 0 1e-7 -0.16242275856241453 0.001
w 1648 -416 1648 -480 0
w 1648 -480 1760 -480 0
w 1776 -464 1776 -400 0
207 1712 -432 1712 -464 4 \p
207 1712 -368 1712 -336 4 -
w 1648 -384 1488 -384 0
x 1542 -396 1558 -393 4 10 c32
g 1488 -336 1488 -304 0 0
r 1488 -384 1488 -336 0 57600
x 1311 -344 1329 -341 4 10 R57
c 1440 -416 1488 -416 0 1e-7 -0.11406307792460041 0.001
x 1452 -391 1468 -388 4 10 c31
c 1312 -528 1440 -528 0 1e-7 0.033746502922844535 0.001
c 1312 -576 1440 -576 0 1e-7 0.35934566809037116 0.001
x 1417 -562 1433 -559 4 10 c27
x 1417 -514 1433 -511 4 10 c28
r 1312 -496 1440 -496 0 100
207 1376 -384 1376 -352 4 -
207 1376 -448 1376 -480 4 \p
w 1440 -496 1440 -416 0
w 1312 -432 1312 -496 0
w 1280 -496 1312 -496 0
g 1280 -448 1280 -432 0 0
r 1280 -448 1280 -496 0 2000
x 1255 -444 1273 -441 4 10 R59
x 1394 -484 1412 -481 4 10 R56
x 1322 -371 1340 -368 4 10 C34
r 1312 -400 1232 -400 0 12400
c 1312 -400 1312 -320 0 1.0000000000000001e-7 -0.3941669295715913 0.001
g 1312 -320 1312 -304 0 0
x 1255 -380 1273 -377 4 10 R54
w 1440 -576 1440 -528 0
w 1440 -528 1440 -496 0
r 1232 -400 1152 -400 0 15200
x 1191 -380 1209 -377 4 10 R53
c 1152 -400 1152 -320 0 1.0000000000000001e-7 -0.29076065807524976 0.001
x 962 -340 980 -337 4 10 C33
g 1152 -320 1152 -304 0 0
r 1152 -400 1072 -400 0 13700
x 1095 -380 1113 -377 4 10 R52
w 1072 -400 1072 -528 0
r 1072 -400 992 -400 0 10000
x 1015 -380 1033 -377 4 10 R51
x 1003 -304 1021 -301 4 10 R50
r 992 -400 992 -256 0 22000
x 950 -602 968 -599 4 10 R62
r 992 -624 928 -624 0 100000
207 928 -368 928 -336 4 -
207 928 -432 928 -464 4 \p
x 946 -484 964 -481 4 10 R56
r 864 -496 992 -496 0 90900
w 992 -496 992 -400 0
w 864 -496 864 -416 0
x 917 -534 933 -531 4 10 c35
c 864 -560 992 -560 0 1e-7 -0.2543806897004944 0.001
w 992 -560 992 -496 0
w 864 -560 864 -496 0
d 928 -624 864 -624 2 default-zener
w 864 -624 864 -560 0
w 992 -624 992 -560 0
d 864 -656 928 -656 2 default-zener
w 928 -656 928 -624 0
w 864 -656 864 -624 0
r 816 -656 816 -576 0 2000
x 777 -629 795 -626 4 10 R63
w 816 -656 864 -656 0
g 816 -576 816 -544 0 0
x 879 -344 897 -341 4 10 R58
r 864 -384 864 -336 0 64900
g 864 -336 864 -304 0 0
c 800 -384 864 -384 0 1e-7 -0.005106443431170851 0.001
x 815 -414 831 -411 4 10 c30
c 736 -384 800 -384 0 1e-7 -0.009138704986141971 0.001
x 752 -415 768 -412 4 10 c29
g 736 -336 736 -304 0 0
r 736 -384 736 -336 0 1000
x 751 -344 769 -341 4 10 R60
x 907 -284 925 -281 4 10 R47
r 800 -256 992 -256 0 41200
r 992 -256 992 -208 0 1000
x 1004 -250 1022 -247 4 10 R48
g 992 -208 992 -192 0 0
w 800 -384 800 -256 0
c 672 -320 672 -368 0 1e-7 -0.040478339039078055 0.001
x 692 -356 708 -353 4 10 c56
207 672 -384 624 -384 4 DSUB_P5
g 672 -320 672 -288 0 0
w 672 -384 736 -384 0
w 1312 -528 1232 -528 0
w 1232 -528 1232 -400 0
w 1312 -576 1072 -576 0
w 1072 -576 1072 -528 0
s 672 -384 672 -464 0 0 false
211 1776 -400 1776 -336 0 1 44100 1
r 672 -384 672 -368 0 0.000001
a 1024 496 1152 496 8 15 -15 1000000 3.348298424237219e-18 3.3483652655984485e-18 100000
c 752 400 752 336 0 1.0000000000000001e-7 -0.00009090750393933699 0.001
g 752 400 752 432 0 0
x 764 389 793 392 4 10 C3003
r 752 336 752 256 0 1000
x 766 287 795 290 4 10 R3002
w 624 384 624 416 0
368 992 -400 1088 -304 0 0
R 672 -464 672 -544 0 1 50 0.1 0 0 0.5
403 1056 -240 2080 -64 0 232_128_0_70659_1.25_1.6_2_2_232_3
r 1760 -480 1776 -480 0 0.000001
r 1776 -464 1776 -480 0 0.000001
409 2128 -576 2256 -576 1 4 5.2056860963593695e-18 0.0043 0
a 864 -400 992 -400 8 15 -15 1000000 0.054720391631806586 0.05472348264261991 100000
a 1312 -416 1440 -416 8 15 -15 1000000 -0.39416279086228717 -0.3941669295715913 100000
a 1648 -400 1776 -400 8 15 -15 1000000 -0.13738372008554167 -0.13738509392274248 100000
r 576 576 576 512 0 100000
x 539 553 557 556 4 10 R26
g 576 576 576 608 0 0
207 576 512 544 512 4 DSUB_P1
c 576 512 624 512 0 1e-7 -0.0000909075039393703 0.001
x 591 536 620 539 4 10 C3000
w 624 512 624 656 0
r 624 512 688 512 0 23200
c 688 512 736 512 0 1.0000000000000001e-7 0.00009090750393936313 0.001
x 654 538 672 541 4 10 R22
x 716 529 732 532 4 10 c16
w 688 480 688 512 0
w 624 656 800 656 0
w 736 512 752 512 0
w 688 384 688 480 0
207 272 -592 272 -560 4 DSUB_P8
w 192 -592 272 -592 0
o 122 128 3 70658 0.625 0.00625 0 3 215 0 215 3
o 122 128 0 70658 0.625 0.00009765625 1 2 122 3
